2398 2399 2400 2401 2405 2411 2412 2418 2420 2425 2427 2431 2433 2438 2446 2449 2451
2457 2463 2467 2477 2479 2481 2483 2488 2490 2491 2495 2498 2499 2505 2507 2511 2512
2514 2515 2518 2521 2524 2529 2536 2537 2540 2544 2545 2551 2552 2554 2555 2559 2562
2566 2568 2571 2572 2584 2585 2587 2590 2597 2599 2603 2606 2612 2614 2615 2616 2623
2624 2635 2638 2643 2647 2649 2650 2661 2667 2673 2674 2677 2682 2685 2693 2695 2700
2701 2712 2714 2715 2719 2724 2728 2738 2741 2742 2743 2751 2752 2754 2761 2762 2763
2764 2768 2769 2771 2773 2777 2779 2782 2783 2787 2788 2795 2799 2807 2810 2814 2821
2835 2836 2840 2843 2849 2850 2853 2866 2871 2880 2881 2890 2891 2897 2899 2908 2909
2912 2914 2916 2917 2918 2923 2928 2933 2934 2935 2937 2939 2946 2950 2951 2956 2966
2971
